base64                              [5, 4, 21, 0, 0, 0, 6, 14, 0, 0, 0]
basename                            [0, 0, 2, 0, 0, 0, 0, 6, 0, 0, 0]
cat                                 [17, 1, 40, 0, 0, 0, 2, 15, 0, 0, 0]
chcon                               [6, 0, 35, 0, 0, 0, 0, 14, 0, 0, 0]
chgrp                               [2, 0, 10, 0, 0, 1, 0, 5, 0, 0, 0]
chmod                               [8, 1, 29, 0, 0, 0, 0, 17, 0, 0, 0]
chown                               [2, 0, 13, 0, 0, 1, 0, 1, 0, 0, 0]
chroot                              [1, 0, 18, 0, 0, 0, 0, 9, 0, 0, 0]
cksum                               [3, 3, 9, 0, 0, 0, 1, 5, 0, 0, 0]
comm                                [1, 1, 19, 0, 0, 0, 0, 6, 0, 0, 0]
copy                                [21, 8, 99, 0, 0, 10, 2, 89, 2, 0, 0]
cp                                  [11, 3, 31, 0, 0, 0, 0, 60, 0, 0, 0]
csplit                              [8, 8, 66, 0, 0, 2, 16, 37, 0, 0, 0]
cut                                 [12, 3, 33, 0, 0, 0, 0, 16, 0, 0, 0]
date                                [4, 1, 22, 0, 0, 0, 0, 12, 0, 0, 0]
dd                                  [3, 7, 90, 0, 0, 13, 19, 40, 0, 0, 0]
df                                  [11, 2, 44, 0, 1, 12, 18, 41, 0, 0, 0]
dircolors                           [5, 3, 14, 0, 0, 1, 0, 37, 0, 0, 0]
dirname                             [0, 0, 3, 0, 0, 0, 0, 2, 0, 0, 0]
du                                  [8, 2, 40, 0, 0, 1, 8, 31, 0, 0, 0]
echo                                [3, 4, 3, 0, 0, 0, 0, 3, 0, 0, 0]
env                                 [2, 0, 5, 0, 0, 0, 0, 3, 0, 0, 0]
expand                              [4, 2, 10, 0, 0, 2, 5, 8, 0, 0, 0]
expr                                [2, 6, 27, 0, 0, 5, 8, 43, 0, 0, 0]
factor                              [2, 1, 18, 0, 0, 0, 9, 4, 0, 0, 0]
false                               [0, 0, 2, 0, 0, 0, 0, 1, 0, 0, 0]
fmt                                 [3, 2, 32, 0, 0, 1, 0, 25, 0, 0, 0]
fold                                [3, 4, 12, 0, 0, 4, 0, 3, 0, 0, 0]
getlimits                           [0, 4, 8, 0, 0, 0, 0, 8, 0, 0, 0]
groups                              [1, 0, 6, 0, 0, 0, 0, 2, 0, 0, 0]
head                                [17, 10, 82, 0, 0, 15, 21, 29, 0, 0, 0]
hostid                              [0, 0, 3, 0, 0, 0, 0, 1, 0, 0, 0]
id                                  [4, 0, 10, 0, 0, 0, 0, 8, 0, 0, 0]
join                                [7, 4, 63, 0, 0, 0, 0, 54, 0, 0, 0]
kill                                [4, 2, 20, 0, 0, 1, 0, 7, 0, 0, 0]
link                                [0, 0, 2, 0, 0, 0, 0, 1, 0, 0, 0]
ln                                  [8, 0, 17, 0, 0, 0, 0, 13, 0, 0, 0]
logname                             [0, 0, 2, 0, 0, 0, 0, 2, 0, 0, 0]
ls                                  [79, 28, 195, 0, 0, 6, 8, 248, 0, 0, 0]
md5sum-md5sum                       [6, 2, 32, 0, 0, 3, 4, 18, 0, 0, 0]
mkdir                               [0, 0, 9, 0, 0, 0, 0, 13, 0, 0, 0]
mkfifo                              [0, 0, 7, 0, 0, 0, 0, 3, 0, 0, 0]
mknod                               [0, 0, 11, 0, 0, 0, 3, 6, 0, 0, 0]
mktemp                              [8, 0, 20, 0, 0, 1, 0, 8, 0, 0, 0]
mv                                  [8, 3, 20, 0, 0, 0, 0, 13, 0, 0, 0]
nice                                [1, 0, 11, 0, 0, 0, 0, 4, 0, 0, 0]
nl                                  [2, 0, 11, 0, 0, 0, 1, 4, 0, 0, 0]
nohup                               [4, 0, 14, 0, 0, 0, 0, 4, 0, 0, 0]
nproc                               [0, 0, 6, 0, 0, 1, 0, 1, 0, 0, 0]
od                                  [9, 12, 149, 0, 0, 31, 11, 54, 0, 0, 0]
operand2sig                         [0, 0, 8, 0, 0, 0, 0, 5, 0, 0, 0]
paste                               [7, 3, 18, 0, 0, 0, 0, 10, 0, 0, 0]
pathchk                             [3, 0, 10, 0, 0, 0, 0, 7, 0, 0, 0]
pinky                               [4, 4, 40, 0, 0, 0, 0, 30, 0, 0, 0]
pr                                  [5, 15, 93, 0, 0, 0, 5, 55, 0, 0, 0]
printenv                            [3, 0, 6, 0, 0, 0, 0, 4, 0, 0, 0]
printf                              [8, 27, 27, 0, 0, 1, 6, 24, 0, 0, 0]
prog-fprintf                        [0, 1, 3, 0, 0, 0, 0, 3, 0, 0, 0]
ptx                                 [1, 3, 56, 0, 0, 2, 0, 43, 0, 0, 0]
pwd                                 [3, 1, 21, 0, 0, 0, 1, 21, 0, 0, 0]
readlink                            [0, 0, 5, 0, 0, 0, 0, 2, 0, 0, 0]
remove                              [4, 1, 37, 0, 0, 2, 0, 35, 0, 0, 0]
rm                                  [2, 0, 11, 0, 0, 0, 0, 5, 0, 0, 0]
rmdir                               [2, 1, 13, 0, 0, 0, 0, 6, 0, 0, 0]
runcon                              [1, 0, 31, 0, 1, 0, 0, 5, 0, 0, 0]
seq                                 [2, 2, 13, 0, 0, 0, 0, 9, 0, 0, 0]
setuidgid                           [1, 0, 12, 0, 0, 0, 0, 7, 0, 0, 0]
shred                               [8, 5, 69, 0, 0, 9, 6, 33, 0, 0, 0]
shuf                                [1, 6, 35, 0, 0, 4, 3, 23, 0, 0, 0]
sleep                               [1, 2, 6, 0, 0, 2, 0, 2, 0, 0, 0]
sort                                [19, 19, 265, 0, 2, 18, 7, 145, 0, 0, 0]
split                               [3, 1, 36, 0, 0, 8, 4, 9, 0, 0, 0]
stat                                [6, 8, 56, 0, 0, 1, 11, 33, 0, 0, 0]
stdbuf                              [0, 0, 18, 0, 0, 0, 1, 13, 0, 0, 0]
stty                                [14, 8, 67, 0, 0, 0, 0, 37, 0, 0, 0]
su                                  [0, 0, 14, 0, 0, 0, 0, 20, 1, 0, 0]
sum                                 [3, 3, 12, 0, 0, 3, 1, 9, 0, 0, 0]
sync                                [0, 0, 2, 0, 0, 0, 0, 1, 0, 0, 0]
tac                                 [3, 2, 30, 0, 0, 3, 1, 18, 0, 0, 0]
tail                                [23, 8, 144, 0, 1, 29, 24, 81, 0, 0, 0]
tee                                 [2, 1, 9, 0, 0, 0, 0, 4, 0, 0, 0]
test                                [14, 9, 28, 0, 0, 2, 0, 11, 0, 0, 0]
timeout                             [0, 3, 18, 0, 0, 0, 0, 3, 0, 0, 0]
touch                               [3, 0, 15, 0, 0, 0, 0, 10, 0, 0, 0]
tr                                  [6, 21, 84, 0, 0, 1, 6, 54, 2, 0, 0]
true                                [0, 0, 2, 0, 0, 0, 0, 1, 0, 0, 0]
truncate                            [1, 2, 20, 0, 0, 0, 8, 6, 0, 0, 0]
tsort                               [3, 0, 10, 0, 0, 0, 0, 25, 0, 0, 0]
tty                                 [0, 0, 4, 0, 0, 0, 0, 2, 0, 0, 0]
uname                               [0, 0, 7, 0, 0, 1, 0, 5, 0, 0, 0]
unexpand                            [8, 2, 11, 0, 0, 4, 6, 9, 0, 0, 0]
uniq                                [5, 5, 30, 0, 0, 3, 0, 15, 2, 0, 0]
unlink                              [0, 0, 2, 0, 0, 0, 0, 1, 0, 0, 0]
uptime                              [0, 1, 21, 0, 1, 5, 2, 5, 0, 0, 0]
users                               [0, 0, 7, 0, 0, 0, 0, 6, 0, 0, 0]
wc                                  [8, 11, 39, 0, 0, 10, 15, 18, 0, 0, 0]
who                                 [6, 9, 43, 0, 0, 1, 0, 39, 0, 0, 0]
whoami                              [0, 0, 2, 0, 0, 0, 0, 3, 0, 0, 0]
yes                                 [0, 0, 4, 0, 0, 0, 0, 1, 0, 0, 0]
111                                 [0, 4, 5, 0, 0, 0, 0, 0, 0, 0, 0]
1998                                [0, 0, 7, 0, 0, 0, 0, 0, 0, 0, 0]
1addint                             [0, 0, 9, 0, 0, 1, 0, 0, 0, 0, 0]
A23                                 [0, 0, 4, 0, 0, 0, 0, 0, 0, 0, 0]
A24                                 [0, 0, 5, 0, 0, 0, 1, 0, 0, 0, 0]
A25                                 [0, 0, 6, 0, 0, 0, 1, 0, 0, 0, 0]
A26                                 [0, 0, 5, 0, 0, 0, 1, 0, 0, 0, 0]
ADD_F                               [0, 0, 14, 0, 0, 0, 0, 2, 0, 0, 0]
adjust_column                       [0, 2, 1, 0, 0, 0, 0, 0, 0, 0, 0]
allow_options                       [1, 0, 0, 0, 0, 0, 0, 0, 0, 0, 0]
ARF                                 [0, 0, 4, 0, 0, 1, 2, 2, 0, 0, 0]
ARR                                 [0, 0, 36, 0, 0, 0, 0, 2, 0, 0, 0]
base64                              [15, 10, 65, 0, 0, 1, 7, 90, 0, 0, 0]
BaseAssignment                      [0, 6, 8, 1, 1, 1, 0, 0, 0, 0, 0]
basename                            [0, 2, 7, 0, 0, 0, 0, 23, 0, 0, 0]
base_name                           [0, 0, 1, 0, 0, 0, 0, 2, 0, 0, 0]
BINARY                              [0, 0, 3, 0, 0, 0, 0, 0, 0, 0, 0]
BINARY1                             [0, 1, 5, 0, 0, 0, 0, 0, 0, 0, 0]
boolmovzx                           [1, 0, 2, 0, 0, 0, 0, 0, 0, 0, 0]
boolt                               [3, 0, 4, 0, 0, 0, 0, 0, 0, 0, 0]
boolt2                              [3, 0, 4, 0, 0, 0, 0, 0, 0, 0, 0]
bubble                              [0, 0, 4, 0, 0, 0, 0, 1, 0, 0, 0]
bubble2                             [0, 0, 4, 0, 0, 0, 0, 1, 0, 0, 0]
bubble5                             [0, 0, 4, 0, 0, 0, 0, 1, 0, 0, 0]
bufchar                             [0, 1, 0, 0, 0, 0, 0, 0, 0, 0, 0]
bufchar2                            [0, 1, 0, 0, 0, 0, 0, 0, 0, 0, 0]
bufmov                              [0, 1, 0, 0, 0, 0, 0, 0, 0, 0, 0]
cat                                 [17, 1, 38, 0, 0, 0, 2, 14, 0, 0, 0]
ccharcopy                           [0, 1, 0, 0, 0, 0, 0, 0, 0, 0, 0]
charcmpal                           [0, 3, 0, 0, 0, 0, 0, 0, 0, 0, 0]
charmoval                           [0, 2, 0, 0, 0, 0, 0, 0, 0, 0, 0]
charmovsx                           [0, 2, 0, 0, 0, 0, 0, 0, 0, 0, 0]
charmovsx2                          [0, 1, 2, 0, 0, 0, 0, 0, 0, 0, 0]
charmovsxnotest                     [0, 2, 0, 0, 0, 0, 0, 0, 0, 0, 0]
charmovzx                           [0, 2, 0, 0, 0, 0, 0, 0, 0, 0, 0]
charmovzxnotest                     [0, 2, 0, 0, 0, 0, 0, 0, 0, 0, 0]
charmovzxsub                        [0, 1, 0, 0, 0, 0, 0, 0, 0, 0, 0]
charmovzxsubtest                    [0, 1, 0, 0, 0, 0, 0, 0, 0, 0, 0]
char[]                              [0, 2, 0, 0, 0, 0, 0, 0, 0, 0, 0]
cksum                               [1, 0, 2, 0, 0, 0, 1, 3, 0, 0, 0]
close_output_file                   [0, 0, 1, 0, 0, 0, 0, 0, 0, 0, 0]
CNT_SP                              [0, 1, 2, 0, 0, 0, 0, 0, 0, 0, 0]
copy_with_unblock                   [0, 1, 2, 0, 0, 0, 0, 0, 0, 0, 0]
COUNT                               [0, 0, 2, 0, 0, 0, 0, 1, 0, 0, 0]
DAY_MON4                            [0, 0, 1, 0, 0, 0, 0, 0, 0, 0, 0]
dd_copy                             [0, 0, 0, 0, 0, 0, 3, 0, 0, 0, 0]
decimal_ascii_add                   [0, 3, 4, 0, 0, 0, 0, 6, 0, 0, 0]
DELE                                [0, 0, 4, 0, 0, 0, 0, 0, 0, 0, 0]
DELEAVE                             [0, 0, 9, 12, 0, 0, 3, 1, 0, 0, 0]
demo_bool                           [6, 0, 0, 0, 0, 0, 0, 0, 0, 0, 0]
demo_bool_and_un                    [2, 0, 3, 0, 0, 0, 0, 0, 0, 0, 0]
demo_longlong                       [0, 0, 2, 0, 0, 1, 3, 0, 0, 0, 0]
demo_longlongint                    [0, 0, 0, 0, 0, 1, 3, 0, 0, 0, 0]
demo_stackframe                     [0, 1, 15, 1, 0, 1, 0, 3, 0, 0, 0]
demo_test                           [0, 1, 8, 4, 0, 4, 2, 3, 0, 0, 0]
DUBARR1                             [0, 0, 4, 0, 0, 0, 0, 1, 0, 0, 0]
DUBARR2                             [0, 0, 4, 0, 0, 0, 0, 1, 0, 0, 0]
DUBARR3                             [0, 0, 6, 0, 0, 0, 0, 0, 0, 0, 0]
dump                                [1, 0, 0, 0, 0, 1, 0, 0, 0, 0, 0]
E1-1                                [0, 0, 0, 0, 0, 0, 0, 1, 0, 0, 0]
E1-2                                [0, 0, 3, 0, 0, 0, 0, 0, 0, 0, 0]
E1-3                                [0, 0, 6, 0, 0, 0, 0, 0, 0, 0, 0]
E2-1                                [0, 0, 2, 0, 0, 0, 0, 0, 0, 0, 0]
E2-2                                [0, 0, 5, 0, 0, 0, 0, 0, 0, 0, 0]
EA3_2                               [0, 0, 2, 0, 0, 0, 0, 0, 0, 0, 0]
EA3_4                               [0, 0, 2, 0, 0, 0, 0, 1, 0, 0, 0]
EA3_5                               [0, 0, 0, 2, 0, 0, 1, 0, 0, 0, 0]
EA3_6                               [0, 0, 0, 0, 0, 2, 1, 0, 0, 0, 0]
EA3_8                               [0, 1, 0, 0, 0, 0, 0, 0, 0, 0, 0]
EA7_10                              [0, 0, 7, 0, 0, 0, 0, 0, 0, 0, 0]
EA7_11                              [0, 0, 2, 12, 0, 0, 1, 1, 0, 0, 0]
EA7_15                              [0, 0, 3, 12, 0, 0, 3, 1, 0, 0, 0]
EA7_4                               [0, 0, 5, 0, 0, 0, 0, 0, 0, 0, 0]
emit_ancillary_info                 [0, 0, 1, 0, 0, 0, 0, 1, 0, 0, 0]
eval                                [2, 0, 2, 0, 0, 0, 0, 0, 0, 0, 0]
EX7_18                              [0, 0, 5, 0, 0, 0, 0, 0, 0, 0, 0]
EX7_19                              [0, 0, 2, 0, 0, 0, 0, 0, 0, 0, 0]
EX8_7                               [0, 2, 6, 4, 0, 0, 1, 0, 0, 0, 0]
EX9_1                               [0, 0, 4, 0, 0, 0, 0, 2, 0, 0, 0]
EX9_13                              [0, 0, 1, 0, 0, 0, 0, 2, 0, 0, 0]
EX9_2                               [0, 0, 4, 0, 0, 0, 0, 3, 0, 0, 0]
EX9_26                              [0, 0, 5, 0, 0, 0, 1, 1, 0, 0, 0]
EX9_27                              [0, 0, 3, 0, 0, 0, 1, 3, 0, 0, 0]
EX9_3                               [0, 0, 3, 0, 0, 0, 0, 4, 0, 0, 0]
EX9_4                               [0, 0, 4, 0, 0, 0, 0, 8, 0, 0, 0]
EX9_5                               [0, 1, 3, 0, 0, 0, 0, 1, 0, 0, 0]
EX9_6                               [0, 0, 4, 1, 0, 0, 1, 2, 0, 0, 0]
EX9_7                               [0, 0, 8, 0, 0, 0, 0, 5, 0, 0, 0]
EX9_8                               [0, 1, 2, 0, 0, 0, 0, 2, 0, 0, 0]
EXA9_14                             [0, 0, 4, 2, 0, 0, 2, 2, 0, 0, 0]
exdouble                            [0, 0, 0, 0, 0, 6, 0, 0, 0, 0, 0]
exfloat                             [0, 0, 0, 3, 0, 0, 0, 0, 0, 0, 0]
exptr                               [0, 0, 0, 0, 0, 0, 0, 1, 0, 0, 0]
FACT                                [0, 0, 3, 0, 0, 0, 0, 0, 0, 0, 0]
factor_wheel                        [0, 0, 4, 0, 0, 0, 5, 1, 0, 0, 0]
FESRRT                              [0, 0, 8, 0, 0, 20, 7, 35, 0, 0, 0]
FET1                                [0, 5, 20, 0, 0, 0, 0, 0, 0, 0, 0]
FET2                                [0, 1, 13, 0, 0, 0, 0, 0, 0, 0, 0]
FIBO                                [0, 0, 4, 0, 0, 0, 0, 0, 0, 0, 0]
FPall                               [0, 0, 0, 1, 1, 1, 1, 0, 0, 0, 0]
FPcall                              [0, 0, 0, 0, 0, 0, 0, 3, 0, 0, 0]
get_4                               [0, 1, 1, 0, 0, 0, 0, 5, 0, 0, 0]
get_5                               [0, 3, 1, 0, 0, 0, 0, 5, 0, 0, 0]
get_funky_string                    [1, 1, 0, 0, 0, 0, 0, 0, 0, 0, 0]
get_li                              [0, 0, 0, 0, 0, 0, 0, 1, 0, 0, 0]
get_li2                             [0, 0, 0, 0, 0, 0, 0, 1, 0, 0, 0]
get_li3                             [0, 0, 0, 0, 0, 0, 0, 1, 0, 0, 0]
get_li4                             [0, 0, 0, 0, 0, 0, 0, 1, 0, 0, 0]
GRED17                              [0, 0, 5, 0, 0, 0, 0, 0, 0, 0, 0]
GRED183                             [0, 1, 1, 0, 1, 0, 0, 0, 0, 0, 0]
INVERT4                             [0, 1, 10, 0, 0, 0, 0, 0, 0, 0, 0]
last_component                      [1, 0, 0, 0, 0, 0, 0, 3, 0, 0, 0]
LINAR                               [0, 0, 11, 6, 0, 4, 3, 3, 0, 0, 0]
longlongdevice                      [0, 0, 0, 0, 0, 0, 1, 0, 0, 0, 0]
longlongoffset                      [0, 0, 0, 0, 0, 1, 0, 0, 0, 0, 0]
longlongsrc                         [0, 0, 0, 0, 0, 0, 1, 0, 0, 0, 0]
longwrap_column                     [0, 0, 0, 0, 0, 0, 1, 0, 0, 0, 0]
memccpy                             [0, 1, 2, 0, 0, 0, 0, 3, 0, 0, 0]
memchr                              [0, 0, 3, 0, 0, 0, 0, 2, 0, 0, 0]
memset                              [0, 1, 2, 0, 0, 0, 0, 2, 0, 0, 0]
okbool                              [1, 0, 0, 0, 0, 0, 0, 0, 0, 0, 0]
orimm                               [0, 1, 0, 0, 0, 0, 0, 0, 0, 0, 0]
parse_integer                       [0, 0, 0, 0, 0, 0, 1, 0, 0, 0, 0]
parse_long_options                  [0, 1, 4, 0, 0, 0, 0, 11, 0, 0, 0]
PNT_ADD                             [0, 0, 4, 0, 0, 0, 0, 2, 0, 0, 0]
ptrptr                              [0, 0, 2, 0, 0, 0, 0, 4, 0, 0, 0]
ptr_bais                            [0, 0, 4, 0, 0, 0, 0, 1, 0, 0, 0]
ptr_bais2                           [0, 0, 4, 0, 0, 0, 0, 1, 0, 0, 0]
ptr_bais3                           [0, 0, 4, 0, 0, 0, 0, 1, 0, 0, 0]
ptr_bais4                           [0, 0, 4, 0, 0, 0, 0, 1, 0, 0, 0]
QFSHORT                             [0, 0, 6, 0, 0, 4, 1, 5, 0, 0, 0]
QPL                                 [0, 0, 9, 0, 0, 0, 0, 0, 0, 0, 0]
qwordmov                            [0, 0, 1, 0, 0, 0, 1, 1, 0, 0, 0]
qwordmov2                           [0, 0, 0, 0, 0, 0, 1, 0, 0, 0, 0]
qwordmov3                           [0, 0, 0, 0, 0, 0, 1, 0, 0, 0, 0]
qwordmovss                          [0, 0, 0, 0, 0, 1, 0, 0, 0, 0, 0]
remove_suffix                       [0, 0, 0, 0, 0, 0, 0, 4, 0, 0, 0]
REV11_3                             [0, 0, 1, 0, 0, 0, 0, 2, 0, 0, 0]
SET_S                               [0, 0, 2, 0, 0, 0, 0, 0, 0, 0, 0]
SIMPSON                             [0, 0, 0, 5, 0, 8, 3, 0, 0, 0, 0]
SJ_2                                [0, 0, 18, 0, 0, 0, 0, 2, 0, 0, 0]
SJ_4                                [0, 0, 9, 0, 0, 0, 0, 0, 0, 0, 0]
SJ_5                                [0, 0, 10, 0, 0, 0, 0, 0, 0, 0, 0]
SJ_6                                [0, 0, 9, 3, 0, 0, 0, 0, 0, 0, 0]
SORT1                               [0, 0, 4, 0, 0, 0, 0, 0, 0, 0, 0]
SQROOT                              [0, 0, 0, 6, 0, 0, 3, 0, 0, 0, 0]
strcat                              [0, 0, 1, 0, 0, 0, 0, 3, 0, 0, 0]
strchr                              [0, 1, 0, 0, 0, 0, 0, 1, 0, 0, 0]
strcmp                              [0, 0, 1, 0, 0, 0, 0, 4, 0, 0, 0]
strlen                              [0, 0, 2, 0, 0, 0, 0, 1, 0, 0, 0]
strncat                             [0, 0, 2, 0, 0, 0, 0, 3, 0, 0, 0]
strncpy                             [0, 0, 2, 0, 0, 0, 0, 3, 0, 0, 0]
strnset                             [0, 1, 2, 0, 0, 0, 0, 2, 0, 0, 0]
strrchr                             [0, 1, 1, 0, 0, 0, 0, 2, 0, 0, 0]
strrev                              [0, 1, 1, 0, 0, 0, 0, 3, 0, 0, 0]
strset                              [0, 1, 0, 0, 0, 0, 0, 2, 0, 0, 0]
strspn                              [0, 1, 2, 0, 0, 0, 0, 2, 0, 0, 0]
SUMMING                             [0, 0, 3, 0, 0, 0, 0, 0, 0, 0, 0]
SUM_ARR1                            [0, 0, 4, 0, 0, 0, 0, 1, 0, 0, 0]
SUM_ARR2                            [0, 0, 4, 0, 0, 0, 0, 1, 0, 0, 0]
SWAP3                               [0, 0, 3, 0, 0, 0, 0, 2, 0, 0, 0]
target_directory_operand            [1, 1, 0, 0, 0, 0, 0, 0, 0, 0, 0]
TIE_demo                            [1, 0, 5, 0, 0, 0, 0, 4, 0, 0, 0]
tmp_long                            [0, 0, 1, 0, 0, 0, 0, 0, 0, 0, 0]
to_uchar                            [0, 6, 0, 0, 0, 0, 0, 0, 0, 0, 0]
type_conversion                     [0, 0, 9, 6, 6, 7, 0, 0, 0, 0, 0]
write_to_file                       [0, 0, 0, 0, 0, 0, 1, 0, 0, 0, 0]
X1-6                                [0, 0, 8, 0, 0, 0, 0, 0, 0, 0, 0]
X5_3                                [0, 0, 5, 0, 0, 0, 0, 0, 0, 0, 0]
X5_4                                [0, 0, 1, 0, 0, 2, 1, 0, 0, 0, 0]
X5_5                                [0, 0, 1, 0, 0, 1, 1, 0, 0, 0, 0]
X5_6                                [0, 0, 4, 0, 0, 0, 0, 0, 0, 0, 0]
X6_6                                [0, 0, 6, 0, 0, 0, 0, 0, 0, 0, 0]
X6_7                                [0, 0, 4, 0, 0, 0, 0, 0, 0, 0, 0]
X6_9                                [0, 0, 4, 0, 0, 0, 0, 0, 0, 0, 0]
xmalloc                             [0, 0, 1, 0, 0, 0, 0, 1, 0, 0, 0]
xmemdup                             [0, 0, 1, 0, 0, 0, 0, 1, 0, 0, 0]
xmmcmp                              [0, 0, 0, 1, 0, 1, 0, 0, 0, 0, 0]
xorimm                              [0, 1, 0, 0, 0, 0, 0, 0, 0, 0, 0]
ZENO                                [0, 0, 1, 2, 0, 0, 1, 0, 0, 0, 0]
ZIPPO                               [0, 0, 4, 0, 0, 0, 0, 0, 0, 0, 0]
_memicmp                            [0, 0, 1, 0, 0, 0, 0, 2, 0, 0, 0]
_strnicm                            [0, 0, 2, 0, 0, 0, 0, 4, 0, 0, 0]
